1 7897
1 2233
1 881
1 3124
1 4423
1 8463
1 996
1 4382
1 6690
2
1 1729
1 6918
1 1251
1 3043
1 1397
1 4927
1 5936
1 4059
1 1084
2
1 3430
1 8716
1 1833
1 1943
1 5929
1 5918
1 5337
1 3783
1 4119
2
1 6327
1 5272
1 1819
1 2953
1 2076
1 5263
1 1878
1 2261
1 6576
2
1 9992
1 8523
1 9308
1 8484
1 3256
1 2706
1 7533
1 151
1 6060
2
1 8283
1 3111
1 1472
1 892
1 6417
1 392
1 7616
1 406
1 3734
2
1 9186
1 8243
1 7518
1 7262
1 7346
1 4208
1 4081
1 5128
1 1401
2
1 2823
1 1502
1 6116
1 1695
1 8105
1 9735
1 5951
1 27
1 7034
2
1 5737
1 9868
1 4107
1 1379
1 9401
1 3605
1 2566
1 2127
1 6356
2
1 9123
1 6023
1 6627
1 7680
1 728
1 6442
1 6758
1 9831
1 3414
2
1 8819
1 6218
1 5538
1 7529
1 6744
1 2342
1 5122
1 5600
1 5381
2
1 1734
1 2680
1 1816
1 520
1 6111
1 4796
1 2070
1 4017
1 6060
2
1 5764
1 2228
1 7565
1 5176
1 293
1 471
1 9165
1 8458
1 8393
2
1 7125
1 335
1 887
1 2398
1 3378
1 3570
1 9410
1 4164
1 5700
2
1 99
1 3938
1 8605
1 1088
1 5455
1 2134
1 825
1 7398
1 2806
2
1 2971
1 6646
1 7626
1 7699
1 3987
1 6976
1 3501
1 9369
1 241
2
1 1283
1 5380
1 8468
1 7794
1 4812
1 3233
1 3360
1 2289
1 8060
2
1 1717
1 2033
1 5475
1 8088
1 8056
1 1937
1 548
1 2225
1 2740
2
1 5527
1 3489
1 47
1 1151
1 9259
1 1975
1 5076
1 2301
1 2595
2
1 4349
1 9454
1 4667
1 8592
1 5037
1 7227
1 167
1 5917
1 2028
2
1 1167
1 7362
1 3606
1 9147
1 2824
1 6685
1 5547
1 4162
1 3286
2
1 458
1 4794
1 7606
1 8052
1 53
1 7697
1 3508
1 5653
1 2208
2
1 1205
1 9856
1 8339
1 9794
1 7236
1 123
1 317
1 5831
1 7790
2
1 3037
1 5544
1 7593
1 8487
1 7035
1 5391
1 734
1 9149
1 3946
2
1 4737
1 4796
1 8841
1 9435
1 6812
1 459
1 139
1 2882
1 4952
2
1 2580
1 9
1 835
1 1539
1 8709
1 8366
1 8573
1 8543
1 9146
2
1 1275
1 8749
1 6492
1 1031
1 3056
1 7895
1 813
1 62
1 1456
2
1 3139
1 2565
1 2271
1 4100
1 2150
1 3048
1 9606
1 3355
1 5898
2
1 5677
1 3335
1 4319
1 9744
1 1968
1 7052
1 6385
1 2289
1 1103
2
1 2872
1 2797
1 5094
1 8037
1 2432
1 492
1 9717
1 7576
1 7806
2
1 5033
1 855
1 7085
1 9484
1 5488
1 7363
1 3053
1 2270
1 163
2
1 6859
1 1103
1 7799
1 6080
1 6473
1 4034
1 8508
1 4635
1 218
2
1 6433
1 3121
1 3530
1 3139
1 6241
1 923
1 3296
1 3857
1 9724
2
1 4769
1 8811
1 853
1 7846
1 621
1 9311
1 9537
1 1241
1 5148
2
1 4093
1 6944
1 2582
1 8806
1 5093
1 2035
1 6387
1 8495
1 8990
2
1 8274
1 8076
1 1617
1 8592
1 9014
1 153
1 4639
1 3203
1 7511
2
1 6838
1 8301
1 5390
1 9036
1 3369
1 9083
1 6011
1 1402
1 625
2
1 7214
1 1364
1 4127
1 5984
1 1942
1 2657
1 2410
1 8559
1 6220
2
1 3077
1 4619
1 6866
1 3816
1 626
1 6005
1 8392
1 1919
1 1067
2
1 4013
1 2284
1 7747
1 7962
1 2050
1 8304
1 422
1 9501
1 4355
2
1 126
1 1698
1 909
1 3209
1 3642
1 8154
1 6554
1 867
1 9163
2
1 3696
1 1785
1 3091
1 8753
1 7072
1 1660
1 1048
1 7248
1 4993
2
1 6981
1 7882
1 2307
1 3306
1 6588
1 3153
1 5589
1 4723
1 9084
2
1 8887
1 4420
1 3252
1 1118
1 5999
1 2763
1 50
1 735
1 4023
2
1 5287
1 2961
1 1470
1 3855
1 4655
1 7348
1 1099
1 2250
1 2102
2
1 763
1 438
1 4229
1 4938
1 9699
1 2675
1 7869
1 3677
1 9988
2
1 2453
1 5984
1 5231
1 7612
1 5437
1 2055
1 2096
1 5824
1 6228
2
1 4693
1 6767
1 1357
1 8379
1 2584
1 8366
1 3838
1 8449
1 9339
2
1 4279
1 6028
1 3320
1 3556
1 4961
1 6385
1 2294
1 2533
1 4233
2
1 4725
1 4761
1 1632
1 9556
1 2614
1 8911
1 9897
1 1965
1 733
2
1 61
1 881
1 1238
1 9025
1 2252
1 6453
1 4475
1 9949
1 108
2
1 3825
1 9042
1 5333
1 2013
1 4219
1 6739
1 6177
1 8262
1 3792
2
1 8577
1 1726
1 2880
1 369
1 2097
1 9668
1 8900
1 3464
1 2796
2
1 8468
1 8505
1 8291
1 7888
1 7929
1 7226
1 5132
1 6354
1 1258
2
1 9342
1 9277
1 5557
1 4783
1 5292
1 5297
1 6095
1 574
1 7271
2
1 187
1 1845
1 3180
1 5053
1 7115
1 2610
1 3160
1 3028
1 5880
2
1 1814
1 5284
1 3583
1 2681
1 38
1 5676
1 2661
1 1800
1 1148
2
1 9861
1 7170
1 6529
1 3608
1 426
1 7309
1 579
1 3114
1 7586
2
1 362
1 6706
1 9119
1 3069
1 9520
1 7091
1 4279
1 4596
1 3766
2
1 2964
1 1412
1 2193
1 3072
1 7236
1 6897
1 1363
1 7826
1 1968
2
1 3929
1 853
1 6722
1 4139
1 6048
1 9132
1 1271
1 4410
1 6973
2
1 9522
1 9890
1 5753
1 4357
1 5931
1 4866
1 4296
1 3754
1 7390
2
1 8708
1 3013
1 6043
1 7297
1 3407
1 4058
1 3939
1 939
1 3185
2
1 7311
1 7982
1 6077
1 4596
1 6045
1 1078
1 1474
1 3731
1 3709
2
1 3321
1 4030
1 9455
1 5384
1 8851
1 1025
1 1943
1 2841
1 2929
2
1 7788
1 4904
1 762
1 6348
1 3022
1 578
1 9630
1 6147
1 2136
2
1 806
1 7602
1 9283
1 5285
1 6759
1 3953
1 3995
1 6569
1 8316
2
1 7591
1 7739
1 7229
1 6902
1 9654
1 9259
1 316
1 1678
1 6085
2
1 9216
1 6567
1 9117
1 5829
1 8427
1 7130
1 7000
1 9508
1 1416
2
1 5202
1 4983
1 3281
1 9744
1 5901
1 6799
1 8471
1 3762
1 8727
2
1 4436
1 506
1 2160
1 3693
1 1315
1 7106
1 4335
1 6363
1 6255
2
1 5100
1 5979
1 441
1 6469
1 2673
1 8610
1 1861
1 232
1 6122
2
1 9620
1 7861
1 3096
1 903
1 2009
1 3335
1 2270
1 4584
1 414
2
1 8768
1 6661
1 281
1 7548
1 3748
1 7715
1 474
1 4866
1 3191
2
1 6259
1 7092
1 5140
1 3433
1 3602
1 3052
1 7040
1 5975
1 5851
2
1 4754
1 6570
1 4802
1 6581
1 7536
1 9134
1 11
1 7548
1 3909
2
1 5053
1 2491
1 6786
1 9210
1 7238
1 5709
1 3298
1 9765
1 6931
2
1 1253
1 9362
1 9665
1 1027
1 17
1 8255
1 7271
1 2841
1 9566
2
1 113
1 5366
1 3303
1 3472
1 2037
1 8986
1 3389
1 3457
1 9132
2
1 2650
1 8075
1 7443
1 3494
1 3308
1 7212
1 5112
1 3666
1 3589
2
1 1297
1 1127
1 9967
1 7673
1 7004
1 3582
1 8692
1 5493
1 9352
2
1 5889
1 9822
1 6866
1 4546
1 1088
1 6547
1 5560
1 7202
1 8736
2
1 2191
1 534
1 6358
1 3787
1 6656
1 8541
1 9072
1 5908
1 559
2
1 2811
1 7233
1 4269
1 6187
1 5267
1 7728
1 429
1 8289
1 802
2
1 6980
1 3890
1 1990
1 798
1 6014
1 7203
1 3945
1 3096
1 8042
2
1 4593
1 3359
1 7593
1 4041
1 9731
1 4140
1 5439
1 427
1 7795
2
1 8547
1 2740
1 5712
1 846
1 9527
1 2924
1 2086
1 8713
1 4226
2
1 4625
1 8785
1 4524
1 6694
1 9824
1 5357
1 7719
1 5593
1 5899
2
1 6716
1 506
1 2294
1 4958
1 6377
1 947
1 1207
1 687
1 1879
2
1 119
1 1344
1 6803
1 9293
1 3042
1 2266
1 4230
1 1420
1 3889
2
1 3691
1 2021
1 3734
1 3013
1 4029
1 4816
1 6520
1 5464
1 1947
2
1 7275
1 6983
1 451
1 1079
1 4785
1 8691
1 351
1 6942
1 9051
2
1 1305
1 7158
1 6698
1 8498
1 4528
1 8282
1 7842
1 161
1 2427
2
1 9735
1 484
1 4764
1 2410
1 1230
1 5774
1 892
1 4418
1 2477
2
1 4379
1 7388
1 3599
1 2536
1 8958
1 6523
1 8770
1 2515
1 9181
2
1 6225
1 2803
1 9910
1 9556
1 5429
1 8396
1 1900
1 3329
1 2851
2
1 6079
1 5394
1 9997
1 4238
1 299
1 9052
1 3884
1 1815
1 1367
2
1 6353
1 7149
1 9793
1 298
1 1890
1 8845
1 1146
1 6448
1 3004
2
1 6683
1 7401
1 7428
1 8630
1 4117
1 3778
1 862
1 5669
1 4653
2
1 2510
1 4288
1 3903
1 1220
1 6216
1 5900
1 4178
1 5590
1 2510
2
99
